Profanity feature
[0, 0, 0, 0, 0, 0, 0, 0, 0, 0, 0, 0, 0, 0, 0, 0, 0, 0, 0, 0, 0, 0, 0, 0, 0, 0, 0, 0, 0, 0, 0, 0, 0, 0, 0, 0, 0, 0, 0, 0, 0, 0, 0, 0, 0]


Punctuation feature
[0, 3, 3, 0, 0, 0, 0, 0, 0, 0, 0, 0, 0, 0, 0, 1, 1, 0, 2, 3, 0, 0, 0, 0, 0, 0, 0, 0, 1, 0, 0, 0, 0, 0, 0, 2, 2, 1, 0, 0, 0, 4, 0, 1, 1]


Length feature[44, 55, 60, 32, 51, 35, 32, 34, 41, 34, 34, 34, 34, 32, 42, 86, 57, 66, 16, 55, 75, 62, 63, 52, 56, 76, 62, 63, 53, 58, 60, 64, 42, 56, 66, 77, 65, 61, 74, 61, 56, 78, 46, 58, 61]


